[
  { "negative": 0.17, "neutral": 0.426, "positive": 0.403 },
  { "negative": 0.129, "neutral": 0.437, "positive": 0.434 },
  { "negative": 0.068, "neutral": 0.446, "positive": 0.486 },
  { "negative": 0.014, "neutral": 0.36, "positive": 0.626 },
  { "negative": 0.127, "neutral": 0.531, "positive": 0.342 },
  { "negative": 0.104, "neutral": 0.527, "positive": 0.37 },
  { "negative": 0.074, "neutral": 0.647, "positive": 0.279 },
  { "negative": 0.074, "neutral": 0.647, "positive": 0.279 },
  { "negative": 0.067, "neutral": 0.501, "positive": 0.432 },
  { "negative": 0.042, "neutral": 0.415, "positive": 0.543 },
  { "negative": 0.04, "neutral": 0.338, "positive": 0.621 },
  { "negative": 0.012, "neutral": 0.14, "positive": 0.848 },
  { "negative": 0.089, "neutral": 0.276, "positive": 0.634 },
  { "negative": 0.127, "neutral": 0.531, "positive": 0.342 },
  { "negative": 0.127, "neutral": 0.531, "positive": 0.342 },
  { "negative": 0.127, "neutral": 0.531, "positive": 0.342 },
  { "negative": 0.074, "neutral": 0.396, "positive": 0.53 },
  { "negative": 0.03, "neutral": 0.441, "positive": 0.53 },
  { "negative": 0.282, "neutral": 0.371, "positive": 0.347 },
  { "negative": 0.054, "neutral": 0.245, "positive": 0.701 },
  { "negative": 0.031, "neutral": 0.598, "positive": 0.372 },
  { "negative": 0.119, "neutral": 0.477, "positive": 0.404 },
  { "negative": 0.019, "neutral": 0.396, "positive": 0.584 },
  { "negative": 0.08, "neutral": 0.24, "positive": 0.68 },
  { "negative": 0.08, "neutral": 0.24, "positive": 0.68 },
  { "negative": 0.119, "neutral": 0.477, "positive": 0.404 },
  { "negative": 0.119, "neutral": 0.477, "positive": 0.404 },
  { "negative": 0.023, "neutral": 0.378, "positive": 0.599 },
  { "negative": 0.278, "neutral": 0.396, "positive": 0.325 },
  { "negative": 0.057, "neutral": 0.583, "positive": 0.36 },
  { "negative": 0.043, "neutral": 0.372, "positive": 0.585 },
  { "negative": 0.042, "neutral": 0.474, "positive": 0.484 },
  { "negative": 0.047, "neutral": 0.421, "positive": 0.532 },
  { "negative": 0.039, "neutral": 0.389, "positive": 0.572 },
  { "negative": 0.237, "neutral": 0.432, "positive": 0.331 },
  { "negative": 0.059, "neutral": 0.523, "positive": 0.418 },
  { "negative": 0.051, "neutral": 0.48, "positive": 0.468 },
  { "negative": 0.056, "neutral": 0.2, "positive": 0.744 },
  { "negative": 0.055, "neutral": 0.502, "positive": 0.444 },
  { "negative": 0.023, "neutral": 0.592, "positive": 0.385 },
  { "negative": 0.199, "neutral": 0.151, "positive": 0.65 },
  { "negative": 0.028, "neutral": 0.356, "positive": 0.616 },
  { "negative": 0.011, "neutral": 0.167, "positive": 0.822 },
  { "negative": 0.007, "neutral": 0.115, "positive": 0.878 },
  { "negative": 0.09, "neutral": 0.666, "positive": 0.244 },
  { "negative": 0.042, "neutral": 0.409, "positive": 0.549 },
  { "negative": 0.188, "neutral": 0.432, "positive": 0.38 },
  { "negative": 0.065, "neutral": 0.608, "positive": 0.327 },
  { "negative": 0.103, "neutral": 0.394, "positive": 0.503 },
  { "negative": 0.41, "neutral": 0.4, "positive": 0.19 },
  { "negative": 0.066, "neutral": 0.694, "positive": 0.24 },
  { "negative": 0.471, "neutral": 0.295, "positive": 0.234 },
  { "negative": 0.103, "neutral": 0.394, "positive": 0.503 },
  { "negative": 0.103, "neutral": 0.394, "positive": 0.503 },
  { "negative": 0.093, "neutral": 0.328, "positive": 0.579 },
  { "negative": 0.632, "neutral": 0.314, "positive": 0.055 },
  { "negative": 0.034, "neutral": 0.363, "positive": 0.602 },
  { "negative": 0.109, "neutral": 0.41, "positive": 0.481 },
  { "negative": 0.816, "neutral": 0.158, "positive": 0.026 },
  { "negative": 0.261, "neutral": 0.385, "positive": 0.354 },
  { "negative": 0.508, "neutral": 0.276, "positive": 0.217 },
  { "negative": 0.297, "neutral": 0.242, "positive": 0.461 },
  { "negative": 0.034, "neutral": 0.363, "positive": 0.602 },
  { "negative": 0.37, "neutral": 0.33, "positive": 0.3 },
  { "negative": 0.42, "neutral": 0.368, "positive": 0.213 },
  { "negative": 0.023, "neutral": 0.397, "positive": 0.581 },
  { "negative": 0.008, "neutral": 0.314, "positive": 0.678 },
  { "negative": 0.023, "neutral": 0.298, "positive": 0.679 },
  { "negative": 0.537, "neutral": 0.227, "positive": 0.236 },
  { "negative": 0.029, "neutral": 0.364, "positive": 0.607 },
  { "negative": 0.023, "neutral": 0.397, "positive": 0.581 },
  { "negative": 0.011, "neutral": 0.19, "positive": 0.799 },
  { "negative": 0.038, "neutral": 0.237, "positive": 0.725 },
  { "negative": 0.669, "neutral": 0.107, "positive": 0.223 },
  { "negative": 0.015, "neutral": 0.317, "positive": 0.668 },
  { "negative": 0.31, "neutral": 0.555, "positive": 0.136 },
  { "negative": 0.465, "neutral": 0.461, "positive": 0.074 },
  { "negative": 0.173, "neutral": 0.603, "positive": 0.225 },
  { "negative": 0.239, "neutral": 0.255, "positive": 0.507 },
  { "negative": 0.042, "neutral": 0.369, "positive": 0.589 },
  { "negative": 0.026, "neutral": 0.359, "positive": 0.615 },
  { "negative": 0.043, "neutral": 0.273, "positive": 0.684 },
  { "negative": 0.241, "neutral": 0.381, "positive": 0.377 },
  { "negative": 0.07, "neutral": 0.567, "positive": 0.363 },
  { "negative": 0.587, "neutral": 0.308, "positive": 0.105 },
  { "negative": 0.02, "neutral": 0.32, "positive": 0.66 },
  { "negative": 0.042, "neutral": 0.409, "positive": 0.549 },
  { "negative": 0.042, "neutral": 0.409, "positive": 0.549 },
  { "negative": 0.017, "neutral": 0.234, "positive": 0.749 },
  { "negative": 0.538, "neutral": 0.236, "positive": 0.225 },
  { "negative": 0.019, "neutral": 0.251, "positive": 0.73 },
  { "negative": 0.429, "neutral": 0.462, "positive": 0.109 },
  { "negative": 0.855, "neutral": 0.103, "positive": 0.042 },
  { "negative": 0.014, "neutral": 0.169, "positive": 0.817 },
  { "negative": 0.496, "neutral": 0.341, "positive": 0.163 },
  { "negative": 0.006, "neutral": 0.097, "positive": 0.897 },
  { "negative": 0.003, "neutral": 0.156, "positive": 0.841 },
  { "negative": 0.038, "neutral": 0.585, "positive": 0.376 },
  { "negative": 0.031, "neutral": 0.223, "positive": 0.746 },
  { "negative": 0.415, "neutral": 0.512, "positive": 0.073 }
]
